Grupo;SD;DI;Idade_da_crianca;sexo;escola;ocupacao_da_mae;ocupacao_da_mae_Trabalha;ocupacao_da_mae_Lar;ocupacao_do_pai;ocupacao_do_pai_Trabalha;ocupacao do_pai_Lar;idade_da_mae;idade_do_pai;situacao_conjugal;casado;Numero_de_filhos;Tipo_de_moradia;Condicao_de_moradia;Condicao_de_moradia;Moradia_Propria;Moradia_Alugada;media_salarial;PP;CP;PSI;FACES_IV
1;1;0;0;1;1;1;1;0;1;1;0;34;36;3;0;2;1;1;1;1;0;5;171;171;132;201
1;1;0;0;1;1;1;1;0;1;1;0;32;36;1;1;1;0;1;1;1;0;5;176;197;124;200
1;1;0;1;1;1;1;1;0;1;1;0;30;31;1;1;2;1;1;1;1;0;2;179;175;80;220
1;1;0;1;0;1;3;0;1;1;1;0;32;47;3;0;1;1;1;1;1;0;2;179;201;128;227
1;1;0;0;0;1;1;1;0;3;0;1;22;25;4;0;1;1;2;2;0;0;2;162;164;107;222
1;1;0;1;0;1;3;0;1;1;1;0;49;47;2;0;2;1;1;1;1;0;2;152;183;101;219
1;1;0;1;0;1;1;1;0;1;1;0;48;50;1;1;2;1;1;1;1;0;6;160;203;94;205
1;1;0;0;0;1;3;0;1;1;1;0;32;50;1;1;3;1;1;1;1;0;6;171;179;103;233
1;1;0;1;1;1;1;1;0;3;0;1;55;59;1;1;5;1;1;1;1;0;2;147;188;105;211
1;1;0;0;0;1;1;1;0;1;1;0;27;27;1;1;2;1;3;3;0;0;2;177;208;130;226
1;1;0;0;1;1;1;1;0;1;1;0;22;31;1;1;1;1;1;1;1;0;2;178;204;122;225
1;1;0;0;1;1;1;1;0;1;1;0;35;29;1;1;1;1;1;1;1;0;2;171;181;116;218
1;1;0;0;0;1;1;1;0;1;1;0;39;39;1;1;3;1;1;1;1;0;2;163;189;109;222
1;1;0;1;0;1;1;1;0;1;1;0;39;39;1;1;3;1;1;1;1;0;2;163;189;109;222
1;1;0;0;1;1;2;0;0;1;1;0;21;25;2;0;1;0;1;1;1;0;3;153;175;105;159
1;1;0;0;1;1;1;1;0;1;1;0;44;45;1;1;1;1;1;1;1;0;3;130;174;118;194
1;1;0;0;0;1;1;1;0;1;1;0;43;38;1;1;1;0;2;2;0;0;2;192;209;88;218
1;1;0;0;1;1;1;1;0;1;1;0;41;30;3;0;2;1;2;2;0;0;2;185;197;117;217
1;1;0;0;0;1;1;1;0;1;1;0;20;25;1;1;1;1;2;2;0;0;2;153;174;105;170
1;1;0;0;1;1;3;0;1;1;1;0;34;42;2;0;6;1;1;1;1;0;2;166;184;125;186
1;1;0;0;1;1;1;1;0;1;1;0;25;25;1;1;1;1;3;3;0;0;2;155;169;111;184
1;1;0;0;0;1;1;1;0;1;1;0;28;37;2;0;1;1;1;1;1;0;3;164;175;103;150
1;1;0;0;0;1;1;1;0;1;1;0;27;27;1;1;1;1;2;2;0;0;2;157;178;108;209
1;1;0;0;0;1;1;1;0;1;1;0;37;40;1;1;1;1;1;1;1;0;6;153;163;112;210
1;1;0;0;1;1;1;1;0;1;1;0;37;40;1;1;1;1;1;1;1;0;6;156;193;100;185
1;1;0;0;0;1;1;1;0;1;1;0;36;36;1;1;1;0;1;1;1;0;2;177;209;124;245
1;1;0;0;0;1;1;1;0;1;1;0;31;32;2;0;1;0;2;2;0;0;2;158;167;130;192
1;1;0;0;0;1;3;0;1;1;1;0;27;27;1;1;1;1;2;2;0;0;2;161;158;103;226
1;1;0;0;0;1;1;1;0;1;1;0;33;34;1;1;1;0;2;2;0;0;2;174;186;131;211
1;1;0;1;1;1;2;0;0;1;1;0;39;38;1;1;3;0;1;1;1;0;3;165;182;113;210
1;1;0;1;1;1;1;1;0;1;1;0;41;43;1;1;2;1;2;2;0;0;2;160;164;117;222
1;1;0;1;0;1;3;0;1;1;1;0;48;45;1;1;2;1;1;1;1;0;5;170;187;98;206
1;1;0;1;1;1;3;0;1;1;1;0;48;45;1;1;2;1;1;1;1;0;5;170;187;98;206
1;1;0;1;0;1;1;1;0;1;1;0;33;37;1;1;2;1;2;2;0;0;2;136;177;93;200
1;1;0;1;1;1;3;0;1;1;1;0;39;41;1;1;2;1;1;1;1;0;6;166;191;99;213
1;1;0;1;1;1;1;1;0;1;1;0;42;37;2;0;4;1;3;3;0;0;3;162;188;133;210
1;1;0;1;0;1;1;1;0;1;1;0;44;51;1;1;2;1;1;1;1;0;3;167;187;108;213
1;1;0;1;1;1;3;0;1;1;1;0;30;33;1;1;2;1;1;1;1;0;3;131;171;94;204
1;1;0;1;0;1;1;1;0;3;0;1;40;33;1;1;1;1;1;1;1;0;2;159;178;116;196
1;1;0;1;0;1;1;1;0;3;0;1;26;28;5;0;1;1;1;1;1;0;3;135;139;113;196
1;1;0;1;0;1;1;1;0;1;1;0;27;29;1;1;1;1;1;1;1;0;2;184;182;112;217
1;1;0;1;1;1;1;1;0;1;1;0;33;31;2;0;2;1;2;2;0;0;2;164;188;105;203
1;1;0;1;1;1;1;1;0;1;1;0;37;28;2;0;1;1;1;1;1;0;1;164;181;113;189
1;1;0;1;0;1;1;1;0;2;0;0;28;26;2;0;1;0;2;2;0;0;3;146;186;128;222
1;1;0;1;1;1;1;1;0;1;1;0;34;40;3;0;1;0;1;1;1;0;6;174;200;117;218
2;0;1;0;0;0;1;1;0;1;1;0;27;30;1;1;1;0;3;3;0;0;6;125;212;109;205
2;0;1;0;1;0;1;1;0;1;1;0;23;24;1;1;1;1;1;1;1;0;2;169;185;124;188
2;0;1;0;1;0;3;0;1;3;0;1;21;23;3;0;1;1;1;1;1;0;2;146;164;98;164
2;0;1;0;1;1;1;1;0;1;1;0;45;50;1;1;1;1;1;1;1;0;2;170;206;100;208
2;0;1;0;0;0;3;0;1;3;0;1;26;46;3;0;1;1;2;2;0;0;6;136;170;97;183
2;0;1;0;1;1;3;0;1;1;1;0;56;52;1;1;3;1;1;1;1;0;2;166;165;89;164
2;0;1;0;1;0;1;1;0;1;1;0;31;32;1;1;1;0;1;1;1;0;4;158;197;118;213
2;0;1;0;1;0;1;1;0;1;1;0;31;33;1;1;1;0;1;1;1;0;4;153;186;84;207
2;0;1;0;0;0;3;0;1;1;1;0;33;42;1;1;6;1;1;1;1;0;1;119;179;82;179
2;0;1;0;1;0;1;1;0;1;1;0;35;26;1;1;1;1;1;1;1;0;6;184;187;98;223
2;0;1;1;1;1;3;0;1;1;1;0;33;40;1;1;2;0;1;1;1;0;3;125;175;80;182
2;0;1;1;1;1;3;0;1;1;1;0;33;40;1;1;2;0;1;1;1;0;3;132;184;87;196
2;0;1;1;0;1;3;0;1;1;1;0;28;34;1;1;1;0;1;1;1;0;3;158;239;88;231
2;0;1;1;1;1;1;1;0;1;1;0;45;34;1;1;3;1;2;2;0;0;6;148;194;110;188
2;0;1;1;1;1;1;1;0;1;1;0;49;51;2;0;1;1;1;1;1;0;2;146;174;82;182
2;0;1;1;0;1;1;1;0;1;1;0;45;34;1;1;1;1;2;2;0;0;6;150;187;111;184
2;0;1;1;1;0;3;0;1;1;1;0;37;35;1;1;2;1;1;1;1;0;2;151;178;94;206
2;0;1;1;1;0;1;1;0;1;1;0;39;39;3;0;3;1;1;1;1;0;2;158;211;100;212
2;0;1;1;1;0;3;0;1;1;1;0;29;34;1;1;2;1;1;1;1;0;6;148;152;102;165
2;0;1;1;1;0;3;0;1;3;0;1;44;40;1;1;1;1;2;2;0;0;1;167;171;88;226
2;0;1;1;1;0;3;0;1;1;1;0;38;38;1;1;3;1;1;1;1;0;2;155;153;94;177
2;0;1;1;1;0;1;1;0;1;1;0;33;38;1;1;3;1;1;1;1;0;2;156;176;116;237
2;0;1;1;1;0;1;1;0;3;0;1;39;39;6;0;1;1;1;1;1;0;2;163;181;96;182
2;0;1;1;1;0;3;0;1;1;1;0;47;44;1;1;2;1;1;1;1;0;6;148;159;107;183
2;0;1;1;0;0;3;0;1;1;1;0;39;34;1;1;3;1;1;1;1;0;1;163;165;79;178
2;0;1;1;1;0;3;0;1;1;1;0;27;42;1;1;4;1;1;1;1;0;2;175;191;99;200
2;0;1;1;1;0;3;0;1;1;1;0;28;28;1;1;3;1;3;3;0;0;2;161;187;111;217
2;0;1;1;0;0;1;1;0;1;1;0;33;37;1;1;2;1;1;1;1;0;2;147;165;101;209
2;0;1;1;0;0;3;0;1;1;1;0;52;53;2;0;1;1;2;2;0;0;1;155;164;104;260
2;0;1;1;1;0;3;0;1;3;0;1;31;31;4;0;3;1;1;1;1;0;2;160;165;76;207
2;0;1;1;0;0;1;1;0;1;1;0;31;36;1;1;2;1;3;3;0;0;1;157;147;95;179
2;0;1;0;1;0;3;0;1;1;1;0;30;27;1;1;1;1;1;1;1;0;1;121;181;105;203
2;0;1;1;1;0;3;0;1;1;1;0;40;39;1;1;1;1;1;1;1;0;2;129;155;101;194
2;0;1;1;1;0;3;0;1;1;1;0;46;49;1;1;3;1;1;1;1;0;2;186;187;126;224
2;0;1;1;1;0;1;1;0;1;1;0;34;40;1;1;1;0;1;1;1;0;6;188;174;96;212
2;0;1;1;1;0;3;0;1;1;1;0;37;39;1;1;3;1;3;3;0;0;1;168;207;109;194
2;0;1;1;1;0;1;1;0;1;1;0;37;40;1;1;1;1;1;1;1;0;2;144;192;105;212
2;0;1;1;1;0;1;1;0;3;0;1;35;35;5;0;1;1;2;2;0;0;2;153;196;96;235
2;0;1;1;1;0;3;0;1;1;1;0;31;32;1;1;3;1;1;1;1;0;1;157;127;111;186
2;0;1;1;0;0;3;0;1;1;1;0;27;27;1;1;3;1;1;1;1;0;1;145;197;74;196
2;0;1;0;0;0;1;1;0;1;1;0;39;41;1;1;2;1;2;2;0;0;2;173;200;109;242
3;0;0;1;0;0;3;0;1;1;1;0;26;30;1;1;3;1;1;1;1;0;2;133;162;98;195
3;0;0;1;1;0;3;0;1;1;1;0;48;49;1;1;5;1;1;1;1;0;1;158;170;103;221
3;0;0;1;0;0;1;1;0;1;1;0;42;43;1;1;2;1;1;1;1;0;2;162;188;127;203
3;0;0;1;1;0;1;1;0;1;1;0;28;40;1;1;3;1;2;2;0;0;1;139;202;80;158
3;0;0;0;1;0;1;1;0;1;1;0;35;34;1;1;3;1;1;1;1;0;2;161;188;110;182
3;0;0;1;1;0;3;0;1;3;0;1;50;50;4;0;1;1;1;1;1;0;2;171;188;122;226
3;0;0;1;1;0;1;1;0;3;0;1;48;48;6;0;4;1;1;1;1;0;2;133;159;102;177
3;0;0;1;0;0;1;1;0;3;0;1;45;44;6;0;2;1;1;1;1;0;1;181;180;118;211
3;0;0;1;1;0;1;1;0;1;1;0;42;48;1;1;1;1;1;1;1;0;2;160;190;94;205
3;0;0;1;1;0;2;0;0;1;1;0;41;55;1;1;1;1;2;2;0;0;2;137;186;103;221
3;0;0;1;0;0;1;1;0;1;1;0;45;50;1;1;1;1;1;1;1;0;2;170;204;102;208
3;0;0;1;0;0;1;1;0;1;1;0;48;48;2;0;3;1;1;1;1;0;2;181;193;96;171
3;0;0;1;1;0;3;0;1;1;1;0;51;54;2;0;4;1;3;3;0;0;1;181;166;103;225
3;0;0;0;1;0;1;1;0;1;1;0;42;42;2;0;3;1;1;1;1;0;2;171;189;83;189
3;0;0;0;0;0;1;1;0;1;1;0;42;50;1;1;2;1;1;1;1;0;6;142;199;82;226
3;0;0;0;0;0;3;0;1;1;1;0;46;42;1;1;1;1;1;1;1;0;6;175;198;105;213
3;0;0;0;0;0;1;1;0;1;1;0;43;49;1;1;3;0;2;2;0;0;3;159;184;104;193
3;0;0;0;1;0;3;0;1;1;1;0;44;50;1;1;1;1;1;1;1;0;2;138;74;120;223
3;0;0;0;1;0;3;0;1;3;0;1;45;45;5;0;1;1;1;1;1;0;2;163;177;128;204
3;0;0;0;0;0;1;1;0;3;0;1;43;43;1;1;2;1;1;1;1;0;6;161;157;121;200
3;0;0;0;1;0;3;0;1;1;1;0;46;56;1;1;2;1;3;3;0;0;6;188;182;125;228
3;0;0;0;0;0;1;1;0;1;1;0;33;35;1;1;1;0;3;3;0;0;4;151;177;93;204
3;0;0;0;1;0;1;1;0;1;1;0;45;34;1;1;2;1;2;2;0;0;6;142;176;104;217
3;0;0;0;1;0;1;1;0;1;1;0;45;50;1;1;5;1;1;1;1;0;2;185;200;95;207
3;0;0;0;1;0;3;0;1;1;1;0;27;27;1;1;1;1;1;1;1;0;2;154;178;81;170
3;0;0;0;0;0;1;1;0;1;1;0;31;37;1;1;4;1;3;3;0;0;2;148;166;103;199
3;0;0;0;0;0;3;0;1;1;1;0;46;35;1;1;1;1;1;1;1;0;2;147;176;94;201
3;0;0;0;1;0;1;1;0;1;1;0;42;52;2;0;1;1;1;1;1;0;2;135;160;98;217
3;0;0;0;0;1;1;1;0;1;1;0;28;29;1;1;1;0;3;3;0;0;3;144;176;101;198
3;0;0;1;0;1;1;1;0;1;1;0;42;49;1;1;1;0;1;1;1;0;5;181;200;103;217
3;0;0;1;0;0;1;1;0;1;1;0;45;45;2;0;1;1;3;3;0;0;1;160;198;103;204
3;0;0;1;1;0;1;1;0;1;1;0;39;39;2;0;1;1;3;3;0;0;2;181;199;102;221
3;0;0;1;0;0;1;1;0;1;1;0;39;40;1;1;3;1;1;1;1;0;2;181;177;98;189
3;0;0;0;1;0;1;1;0;1;1;0;30;42;2;0;1;1;2;2;0;0;1;170;198;103;171
